0
0
0
0
0
0
0
0
0
0
0
0
0
0
0
0
0
0
0
0
0
0
0
0
0
0
0
0
0
0
0
0
0
0
0
0
0
0
1
2
2
2
2
2
2
2
2
2
2
2
2
2
2
2
2
2
2
2
3
3
2
3
3
3
3
3
4
3
3
3
3
3
3
3
3
3
3
3
4
5
4
4
5
4
5
4
5
1
0
0
5
5
5
5
5
5
5
5
6
5
5
6
6
6
6
5
5
6
6
6
6
6
6
6
6
6
6
0
0
0
0
6
6
1
1
5
10
1
1
6
7
8
8
8
7
7
7
8
7
8
8
9
9
8
8
8
7
9
9
9
10
10
8
9
8
9
8
10
9
10
10
10
10
9
10
9
9
10
9
1
1
5
10
10
10
9
10
9
9
11
10
10
10
10
10
10
10
9
10
11
10
10
11
11
10
10
10
11
11
11
11
11
10
11
1
0
11
12
12
11
11
11
11
11
11
11
12
12
11
12
12
12
28
15
13
1
3
21
24
15
17
13
13
13
13
13
14
14
15
15
14
13
15
14
14
14
14
16
15
14
27
1
1
14
14
15
13
14
14
16
15
17
17
15
14
16
14
15
15
16
16
33
14
17
16
17
16
15
18
15
16
15
16
16
16
16
15
16
16
16
16
16
2
14
16
16
15
15
16
16
16
17
17
17
18
16
18
19
17
17
17
22
17
17
2
11
17
18
17
17
18
19
19
20
19
18
20
19
19
18
18
18
18
19
18
19
20
20
20
19
19
19
20
20
19
20
20
19
19
19
20
20
20
20
20
20
2
17
19
20
19
20
21
20
20
20
21
2
19
20
20
21
21
21
20
20
20
19
21
21
22
21
21
22
22
22
22
24
22
22
22
22
21
24
23
22
24
25
22
24
22
23
24
24
24
26
23
23
23
23
24
24
24
22
23
24
24
24
23
23
24
25
24
2
25
24
24
25
24
47
23
24
54
24
24
24
25
24
24
25
25
25
23
24
24
24
25
14
2
2
23
26
25
52
27
25
26
27
28
27
27
26
27
27
50
27
27
25
26
27
27
27
28
28
17
26
26
26
27
26
27
27
28
25
30
28
30
30
20
17
28
27
29
31
27
28
29
28
28
29
30
30
28
29
31
30
32
32
30
30
30
30
29
30
29
30
29
31
30
31
28
30
31
30
29
30
31
31
30
31
31
31
18
28
30
30
32
33
30
31
32
32
31
31
31
30
32
30
32
33
32
36
34
32
33
34
32
32
32
33
32
33
33
32
33
33
33
34
33
34
34
33
33
33
32
32
33
33
34
34
35
33
35
34
34
34
35
34
35
34
34
34
26
35
33
36
35
34
34
34
36
34
35
34
34
37
35
35
34
36
37
38
36
35
35
36
35
35
37
34
37
37
35
36
36
34
36
35
37
37
35
37
36
36
22
36
36
36
36
36
37
37
37
39
36
39
24
38
36
37
37
37
40
38
38
37
40
40
39
38
37
39
39
37
38
38
39
25
39
39
40
41
39
40
39
39
42
39
40
41
40
39
39
40
38
40
41
40
39
39
41
40
40
40
40
40
41
42
40
41
40
41
41
41
27
40
42
41
41
43
41
42
43
42
42
41
41
43
27
41
26
43
41
44
45
42
42
42
43
41
44
44
43
42
41
42
43
45
43
44
46
3
46
45
44
42
42
44
45
44
43
45
44
49
45
44
44
44
43
44
44
45
45
44
47
48
47
46
45
44
45
45
46
48
46
44
45
45
45
47
45
46
46
45
46
46
47
47
47
47
45
46
46
47
46
46
45
48
46
47
48
46
48
47
47
33
45
48
48
46
48
48
50
46
50
51
49
48
48
47
48
48
46
49
52
48
50
49
47
50
48
48
48
50
48
49
49
51
49
49
50
48
49
51
49
50
48
53
50
39
48
31
49
54
50
49
50
50
51
50
50
53
51
50
47
52
51
51
50
51
51
51
53
50
50
52
52
53
54
52
51
54
56
53
51
40
47
56
53
53
51
53
51
53
54
51
55
53
53
52
52
54
54
53
54
52
53
53
51
54
54
52
53
52
54
55
53
52
52
53
55
53
58
56
57
54
55
50
54
55
53
56
56
53
54
46
54
56
54
54
56
56
57
55
59
58
56
56
58
57
57
56
56
56
55
56
57
57
57
58
57
60
58
55
38
57
57
57
57
59
59
61
57
57
57
58
56
57
58
57
57
59
57
58
57
58
57
57
57
58
62
58
59
58
59
60
59
59
60
60
57
59
57
59
58
60
59
64
58
58
60
59
62
60
62
61
60
59
61
60
